latitude= 40.730610
longitude= -73.935242